[
    {
        "elapsed_time": 32.824129904000074,
        "main/loss": 1.9493928705639851,
        "epoch": 1,
        "val/main/accuracy": 0.4009098101265823,
        "iteration": 391,
        "val/main/loss": 1.6895499123802669,
        "main/accuracy": 0.29539641943734013,
        "lr": 0.01
    },
    {
        "elapsed_time": 65.86523280400002,
        "main/loss": 1.6073828624642414,
        "epoch": 2,
        "val/main/accuracy": 0.4677610759493671,
        "iteration": 782,
        "val/main/loss": 1.4839197653758376,
        "main/accuracy": 0.42633072250639387,
        "lr": 0.01
    }
]