[
    {
        "elapsed_time": 7118.249784476206,
        "main/accuracy": 0.19081681585677748,
        "lr": 0.1,
        "val/main/accuracy": 0.2548457278481013,
        "main/loss": 2.427488554469155,
        "epoch": 1,
        "val/main/loss": 2.0361408025403565,
        "iteration": 391
    }
]